# Exported from Wings 3D 2.3
mtllib board1.mtl
o Cube1
#24 vertices, 44 faces
v -0.60000000 0.0000000e+0 -0.30000000
v -0.60000000 0.0000000e+0 0.30000000
v -0.59903666 7.9407608e-3 -0.29903666
v -0.59706965 8.7912345e-3 0.29706965
v 0.60000000 0.0000000e+0 -0.30000000
v 0.60000000 0.0000000e+0 0.30000000
v 0.59706965 8.7912345e-3 -0.29706965
v 0.59706965 8.7912345e-3 0.29706965
v -0.58860000 1.0000000e-2 -0.28860000
v -0.58860000 1.0000000e-2 0.28860000
v 0.58860000 1.0000000e-2 0.28860000
v 0.58860000 1.0000000e-2 -0.28860000
v -0.58860000 8.0000000e-3 -0.28860000
v -0.58860000 8.0000000e-3 0.28860000
v 0.58860000 8.0000000e-3 0.28860000
v 0.58860000 8.0000000e-3 -0.28860000
v -0.60037666 4.1786399e-3 -0.30037666
v -0.59948509 5.0291136e-3 0.29948509
v 0.59948509 5.0291136e-3 -0.29948509
v 0.59948509 5.0291136e-3 0.29948509
v -0.59643817 1.0000000e-2 -0.29643817
v -0.59357958 1.0000000e-2 0.29357958
v 0.59357958 1.0000000e-2 0.29357958
v 0.59357958 1.0000000e-2 -0.29357958
vt -0.34116400 8.7563829e-2
vt -0.34116400 0.91243617
vt -1.1102230e-16 0.25000000
vt 0.0000000e+0 0.25484200
vt 1.1102230e-16 0.75000000
vt 1.6764412e-16 0.74515800
vt 1.5689338e-4 0.74992155
vt 1.5689338e-4 0.25007845
vt 5.8954020e-3 0.74573646
vt 6.6291559e-3 0.25500363
vt 1.1952468e-2 0.74121995
vt 1.3555010e-2 0.26038661
vt 1.8937462e-2 0.73625804
vt 2.1243034e-2 0.26604694
vt 2.7158199e-2 0.72909147
vt 2.7158199e-2 0.27093538
vt 0.97282210 0.27093538
vt 0.97282210 0.72909147
vt 0.97873726 0.26604694
vt 0.97873726 0.73397991
vt 0.98643113 0.26038661
vt 0.98643113 0.73963332
vt 0.99336364 0.25500363
vt 0.99336364 0.74500708
vt 0.99984311 0.25007845
vt 0.99984311 0.74992155
vt 1.00000000 0.25000000
vt 1.00000000 0.25484200
vt 1.00000000 0.74515800
vt 1.00000000 0.75000000
vt 1.34116400 8.7563829e-2
vt 1.34116400 0.91243617
vn -0.49709319 0.71168790 -0.49638564
vn -0.41163761 0.84014139 0.35315283
vn 0.35275922 0.84026264 -0.41172762
vn 0.34382311 0.87382569 0.34382311
vn -0.67112406 0.31580604 -0.67071532
vn -0.63351704 0.44322540 0.63419824
vn 0.63401705 0.44325676 -0.63367643
vn 0.63383580 0.44328812 0.63383580
vn -0.12489799 0.98429097 -0.12478694
vn -8.3174555e-2 0.99299370 8.3937539e-2
vn 8.3545168e-2 0.99299567 8.3545168e-2
vn 8.3740135e-2 0.99299473 -8.3361044e-2
vn -0.70143048 -0.12645378 -0.70143048
vn 0.0000000e+0 -1.00000000 0.0000000e+0
vn -0.70143048 -0.12645378 -0.70143048
vn 0.0000000e+0 -1.00000000 0.0000000e+0
vn -0.70500354 7.6466509e-2 0.70506942
vn -0.70500354 7.6466509e-2 0.70506942
vn -0.70500354 7.6466509e-2 0.70506942
vn 0.0000000e+0 -1.00000000 0.0000000e+0
vn -0.70500354 7.6466509e-2 0.70506942
vn 0.0000000e+0 -1.00000000 0.0000000e+0
vn 0.70495056 7.6455327e-2 -0.70512360
vn 0.70495056 7.6455327e-2 -0.70512360
vn 0.0000000e+0 -1.00000000 0.0000000e+0
vn 0.70495056 7.6455327e-2 -0.70512360
vn 0.70495056 7.6455327e-2 -0.70512360
vn 0.0000000e+0 -1.00000000 0.0000000e+0
vn 0.69980873 0.14330209 0.69980873
vn 0.69980873 0.14330209 0.69980873
vn 0.0000000e+0 1.00000000 1.8800333e-16
vn 0.0000000e+0 1.00000000 1.8800333e-16
vn 0.70710678 0.0000000e+0 0.70710678
vn 0.70710678 0.0000000e+0 0.70710678
vn 0.70710678 0.0000000e+0 -0.70710678
vn 0.70710678 0.0000000e+0 -0.70710678
vn 0.0000000e+0 1.00000000 3.5534521e-17
vn 0.0000000e+0 1.00000000 3.5534521e-17
vn 0.0000000e+0 1.00000000 3.5534521e-17
vn 0.0000000e+0 1.00000000 3.5534521e-17
vn 0.70710678 0.0000000e+0 -0.70710678
vn 0.70710678 0.0000000e+0 -0.70710678
vn -0.70710678 0.0000000e+0 -0.70710678
vn 0.0000000e+0 1.00000000 0.0000000e+0
vn 0.0000000e+0 1.00000000 0.0000000e+0
vn -0.70710678 0.0000000e+0 -0.70710678
vn -0.70710678 0.0000000e+0 0.70710678
vn -0.70710678 0.0000000e+0 0.70710678
vn 0.0000000e+0 1.00000000 -2.3340250e-16
vn 0.0000000e+0 1.00000000 -2.3340250e-16
vn -0.70710678 0.0000000e+0 0.70710678
vn 0.0000000e+0 1.00000000 -2.3340250e-16
vn 0.0000000e+0 1.00000000 -2.3340250e-16
vn -0.70710678 0.0000000e+0 0.70710678
vn 0.0000000e+0 1.00000000 0.0000000e+0
vn 0.70710678 0.0000000e+0 0.70710678
vn 0.70710678 0.0000000e+0 0.70710678
vn 0.0000000e+0 1.00000000 0.0000000e+0
vn 0.70710678 0.0000000e+0 0.70710678
vn 0.70710678 0.0000000e+0 0.70710678
vn 0.70710678 0.0000000e+0 -0.70710678
vn 0.70710678 0.0000000e+0 -0.70710678
vn 0.0000000e+0 1.00000000 0.0000000e+0
vn 0.0000000e+0 1.00000000 0.0000000e+0
vn -0.70710678 0.0000000e+0 -0.70710678
vn -0.70710678 0.0000000e+0 -0.70710678
vn 0.0000000e+0 1.00000000 0.0000000e+0
vn -0.70710678 0.0000000e+0 -0.70710678
vn -0.70710678 0.0000000e+0 -0.70710678
vn 0.0000000e+0 1.00000000 0.0000000e+0
vn -0.70710678 0.0000000e+0 0.70710678
vn -0.70710678 0.0000000e+0 0.70710678
g Cube1_cork
usemtl cork
s 1
f 14/1/63 15/31/67 13/2/58
f 16/32/70 13/2/55 15/31/64
g Cube1_wood
usemtl wood
s 1
f 1/30/14 5/5/25 2/27/20
f 2/27/16 5/5/22 6/3/28
s 2
f 9/29/33 13/29/59 12/6/54
f 10/28/42 13/29/60 9/29/34
f 11/4/46 15/4/69 10/28/41
f 12/6/51 15/4/68 11/4/43
f 13/29/56 10/28/35 14/28/61
f 14/28/62 10/28/36 15/4/65
f 15/4/66 12/6/47 16/6/71
f 16/6/72 12/6/48 13/29/57
s 3
f 2/8/19 17/9/5 1/7/13
f 2/8/21 20/23/8 18/10/6
f 3/11/1 17/9/5 4/12/2
f 3/11/1 21/13/9 7/22/3
f 4/12/2 17/9/5 18/10/6
f 4/12/2 20/23/8 8/21/4
f 4/12/2 21/13/9 3/11/1
f 4/12/2 23/19/11 22/14/10
f 5/26/24 17/9/5 19/24/7
f 5/26/27 20/23/8 6/25/30
f 6/25/29 20/23/8 2/8/17
f 7/22/3 17/9/5 3/11/1
f 7/22/3 20/23/8 19/24/7
f 7/22/3 21/13/9 24/20/12
f 7/22/3 23/19/11 8/21/4
f 8/21/4 20/23/8 7/22/3
f 8/21/4 23/19/11 4/12/2
f 9/15/32 21/13/9 10/16/39
f 10/16/37 21/13/9 22/14/10
f 10/16/40 23/19/11 11/17/44
f 11/17/45 23/19/11 12/18/53
f 12/18/52 21/13/9 9/15/31
f 12/18/49 23/19/11 24/20/12
f 17/9/5 5/26/26 1/7/15
f 18/10/6 17/9/5 2/8/18
f 18/10/6 20/23/8 4/12/2
f 19/24/7 17/9/5 7/22/3
f 19/24/7 20/23/8 5/26/23
f 22/14/10 21/13/9 4/12/2
f 22/14/10 23/19/11 10/16/38
f 24/20/12 21/13/9 12/18/50
f 24/20/12 23/19/11 7/22/3
